Final solution from 90 iteration was of length 194 and the solution itself was:
[2, 44, 33, 21, 46, 39, 55, 56, 30, 49, 51, 16, 26, 23, 60, 4, 5, 76, 204, 237, 236, 115, 114, 201, 175, 83, 121, 69, 62, 243, 196, 22, 37, 153, 181, 173, 248, 227, 226, 225, 150, 210, 190, 92, 95, 249, 206, 14, 54, 245, 254, 247, 105, 163, 217, 224, 67, 63, 113, 250, 160, 145, 215, 45, 35, 136, 133, 197, 116, 134, 135, 170, 109, 117, 218, 119, 182, 127, 178, 12, 32, 124, 120, 159, 149, 108, 104, 106, 205, 221, 129, 130, 231, 123, 168, 43, 28, 101, 110, 85, 216, 132, 111, 142, 72, 219, 112, 198, 185, 183, 194, 25, 41, 118, 131, 88, 99, 71, 176, 139, 64, 213, 79, 244, 229, 256, 125, 13, 53, 211, 174, 90, 180, 78, 234, 228, 91, 232, 74, 192, 184, 195, 102, 50, 17, 162, 140, 165, 207, 97, 238, 93, 75, 80, 171, 137, 146, 148, 220, 9, 20, 239, 169, 203, 189, 155, 84, 61, 147, 157, 89, 158, 87, 96, 100, 36, 59, 222, 200, 86, 66, 187, 128, 143, 151, 251, 94, 172, 68, 141, 77, 42, 58, 154]
The lookahead for each iteration for sample size 2 and count 1000000 was [195, 195, 194, 194, 194, 194, 195, 194, 193, 194, 195, 194, 194, 194, 189, 189, 194, 194, 194, 189, 194, 196, 190, 190, 190, 191, 191, 191, 191, 194, 194, 194, 194, 191, 191, 194, 189, 191, 194, 194, 194, 194, 194, 194, 194, 194, 191, 194, 194, 194, 191, 191, 194, 194, 194, 194, 191, 191, 191, 191, 191, 194, 194, 191, 195, 194, 194, 195, 189, 194, 194, 195, 194, 194, 194, 191, 194, 194, 191, 194, 188, 191, 191, 191, 191, 194, 194, 178] and maximum was 196 with average 192.670
Time taken for the complete run was: 13779.033 seconds
Final Q-table length: 33168

Final solution from 90 iteration was of length 194 and the solution itself was:
[1, 31, 17, 59, 16, 29, 27, 35, 57, 9, 33, 25, 11, 23, 60, 4, 15, 101, 194, 219, 149, 146, 71, 143, 171, 229, 120, 240, 244, 243, 196, 22, 26, 67, 181, 165, 209, 160, 246, 164, 180, 190, 110, 238, 253, 249, 206, 14, 41, 84, 119, 189, 185, 188, 127, 114, 166, 107, 179, 213, 214, 129, 117, 39, 47, 95, 111, 212, 87, 62, 85, 116, 134, 115, 178, 170, 215, 63, 102, 58, 36, 216, 218, 145, 199, 89, 98, 232, 222, 207, 202, 193, 220, 70, 176, 52, 44, 126, 230, 159, 68, 142, 124, 174, 163, 147, 155, 235, 128, 135, 93, 12, 48, 130, 186, 204, 86, 140, 109, 139, 172, 99, 73, 248, 203, 197, 74, 43, 54, 90, 64, 88, 69, 65, 158, 152, 224, 177, 83, 251, 183, 192, 239, 18, 55, 234, 153, 233, 150, 72, 161, 182, 227, 195, 100, 256, 200, 191, 133, 50, 49, 97, 228, 242, 144, 148, 205, 221, 125, 201, 136, 121, 76, 96, 80, 10, 30, 157, 237, 108, 175, 210, 123, 113, 103, 187, 245, 151, 81, 94, 82, 37, 32, 137]
The lookahead for each iteration for sample size 2 and count 1000000 was [194, 194, 194, 194, 195, 194, 194, 194, 195, 194, 194, 196, 194, 194, 191, 191, 194, 194, 190, 194, 194, 194, 194, 194, 189, 194, 194, 190, 190, 190, 189, 189, 194, 194, 194, 194, 194, 194, 191, 191, 194, 194, 191, 189, 189, 189, 194, 194, 194, 194, 194, 190, 193, 193, 190, 194, 190, 194, 194, 194, 194, 188, 191, 191, 196, 194, 194, 194, 191, 191, 191, 188, 188, 188, 194, 191, 194, 191, 191, 191, 195, 191, 191, 191, 191, 189, 191, 190, 193, 190, 190] and maximum was 196 with average 192.330
Time taken for the complete run was: 14494.048 seconds
Final Q-table length: 33508

Final solution from 90 iteration was of length 194 and the solution itself was:
[2, 38, 59, 22, 14, 42, 8, 49, 57, 7, 10, 37, 9, 27, 29, 4, 45, 165, 206, 216, 96, 247, 174, 88, 201, 85, 71, 149, 223, 73, 155, 19, 53, 172, 181, 99, 100, 256, 252, 83, 94, 61, 64, 120, 125, 249, 175, 21, 39, 194, 119, 80, 222, 215, 248, 219, 144, 140, 69, 251, 242, 97, 89, 46, 47, 200, 112, 238, 135, 110, 192, 191, 146, 227, 246, 164, 195, 86, 84, 40, 12, 228, 90, 91, 209, 76, 233, 81, 82, 163, 250, 161, 198, 213, 156, 23, 24, 229, 202, 204, 231, 74, 217, 68, 93, 239, 124, 177, 237, 212, 180, 58, 20, 243, 115, 232, 253, 113, 167, 139, 159, 199, 122, 133, 196, 205, 109, 50, 26, 77, 118, 126, 106, 63, 127, 145, 157, 189, 107, 104, 173, 240, 230, 13, 56, 183, 148, 211, 143, 67, 117, 220, 154, 70, 75, 134, 105, 235, 129, 51, 17, 66, 65, 62, 185, 153, 226, 168, 151, 98, 92, 108, 138, 207, 221, 25, 33, 95, 197, 72, 150, 142, 176, 170, 166, 123, 103, 130, 178, 218, 132, 6, 44, 101]
The lookahead for each iteration for sample size 2 and count 1000000 was [194, 197, 194, 194, 194, 194, 194, 194, 194, 194, 194, 194, 195, 190, 190, 120, 194, 194, 193, 194, 194, 194, 194, 195, 190, 194, 194, 191, 191, 190, 190, 191, 189, 189, 191, 194, 191, 194, 197, 194, 194, 194, 194, 191, 191, 189, 189, 196, 191, 191, 193, 191, 191, 193, 193, 194, 196, 194, 194, 194, 194, 194, 194, 194, 194, 194, 195, 191, 188, 194, 199, 195, 195, 191, 191, 191, 195, 194, 194, 197, 194, 194, 194, 194, 194, 194, 191, 194, 194, 191] and maximum was 199 with average 192.322
Time taken for the complete run was: 13240.976 seconds
Final Q-table length: 33832

Final solution from 90 iteration was of length 197 and the solution itself was:
[2, 38, 59, 15, 7, 10, 45, 12, 41, 32, 27, 29, 28, 34, 42, 1, 22, 215, 206, 110, 176, 226, 83, 64, 84, 162, 62, 61, 106, 179, 173, 31, 40, 228, 181, 168, 224, 244, 156, 137, 243, 225, 182, 88, 214, 249, 247, 20, 54, 242, 190, 234, 219, 160, 149, 239, 237, 116, 104, 99, 167, 129, 154, 19, 39, 172, 189, 238, 145, 188, 205, 117, 193, 114, 63, 80, 220, 133, 161, 24, 53, 171, 218, 227, 152, 153, 141, 118, 246, 157, 147, 155, 211, 76, 107, 6, 8, 174, 252, 91, 232, 128, 143, 138, 178, 115, 229, 175, 180, 78, 253, 23, 50, 101, 86, 87, 231, 125, 223, 139, 159, 122, 113, 221, 254, 112, 136, 58, 55, 121, 97, 103, 109, 102, 67, 65, 72, 166, 126, 163, 164, 235, 135, 51, 17, 183, 170, 119, 140, 108, 81, 151, 134, 245, 187, 185, 197, 210, 148, 16, 11, 217, 131, 250, 68, 73, 92, 198, 124, 74, 186, 204, 240, 169, 127, 35, 5, 96, 132, 196, 89, 230, 94, 203, 236, 79, 213, 200, 209, 201, 130, 56, 37, 144, 194, 95, 93]
The lookahead for each iteration for sample size 2 and count 1000000 was [196, 196, 194, 195, 194, 194, 194, 195, 196, 194, 196, 194, 194, 194, 191, 191, 191, 194, 194, 194, 194, 194, 194, 191, 191, 189, 194, 194, 191, 191, 196, 190, 190, 194, 194, 194, 194, 194, 194, 191, 189, 194, 190, 190, 190, 190, 194, 194, 194, 194, 189, 194, 194, 194, 188, 194, 191, 194, 194, 194, 191, 191, 194, 191, 194, 193, 194, 194, 191, 194, 194, 195, 193, 194, 194, 194, 194, 194, 194, 189, 197, 197, 191, 194, 195, 195, 194, 191, 194] and maximum was 197 with average 193.146
Time taken for the complete run was: 37591.245 seconds
Final Q-table length: 34145

200+ solution reached of 
[2, 43, 25, 14, 41, 29, 32, 35, 49, 51, 18, 50, 10, 39, 59, 3, 42, 192, 206, 195, 238, 162, 124, 122, 61, 67, 168, 108, 244, 209, 216, 36, 53, 224, 181, 127, 90, 199, 250, 240, 151, 69, 77, 228, 231, 249, 232, 47, 58, 220, 202, 111, 81, 161, 178, 149, 219, 91, 97, 242, 200, 121, 109, 48, 23, 214, 79, 71, 234, 218, 213, 160, 96, 86, 256, 221, 184, 197, 150, 40, 11, 212, 78, 211, 225, 227, 252, 132, 129, 248, 164, 146, 155, 158, 82, 21, 22, 215, 99, 180, 193, 170, 166, 177, 136, 239, 130, 115, 236, 128, 63, 38, 19, 156, 144, 80, 189, 93, 85, 139, 105, 92, 179, 182, 245, 222, 133, 57, 20, 237, 175, 88, 113, 134, 116, 223, 157, 64, 120, 118, 135, 207, 165, 8, 26, 84, 137, 89, 246, 100, 104, 119, 190, 62, 65, 153, 114, 235, 251, 56, 16, 140, 143, 176, 226, 72, 142, 243, 185, 210, 148, 187, 204, 198, 98, 27, 31, 174, 254, 172, 173, 191, 106, 101, 196, 217, 112, 103, 87, 66, 186, 33, 60, 125, 230, 74, 76, 205, 253, 102]Final solution from 90 iteration was of length 196 and the solution itself was:
[2, 43, 25, 14, 41, 29, 30, 55, 54, 39, 52, 12, 48, 47, 42, 1, 22, 110, 206, 247, 226, 152, 153, 82, 73, 168, 169, 160, 158, 244, 192, 31, 26, 67, 181, 179, 231, 230, 198, 159, 182, 170, 242, 144, 174, 249, 203, 18, 60, 147, 205, 126, 115, 180, 127, 253, 204, 121, 114, 66, 92, 234, 178, 56, 35, 162, 197, 239, 224, 109, 107, 98, 120, 196, 116, 132, 232, 210, 106, 28, 27, 95, 91, 183, 184, 134, 93, 64, 105, 191, 167, 131, 128, 77, 69, 36, 44, 209, 74, 76, 189, 227, 87, 89, 251, 145, 200, 233, 103, 101, 146, 38, 10, 211, 124, 90, 133, 216, 220, 139, 166, 156, 252, 238, 130, 125, 164, 57, 15, 113, 123, 228, 117, 246, 157, 155, 62, 70, 135, 151, 236, 243, 108, 8, 20, 212, 201, 186, 229, 202, 161, 171, 61, 63, 104, 142, 165, 217, 118, 59, 11, 149, 141, 187, 137, 72, 150, 190, 154, 129, 215, 248, 177, 199, 214, 23, 37, 84, 99, 221, 65, 68, 140, 194, 223, 218, 102, 119, 143, 148, 207, 53, 21, 237, 163, 138]
The lookahead for each iteration for sample size 2 and count 5000000 was [194, 194, 195, 195, 200, 198, 195, 198, 195, 195, 197, 198, 195, 195, 195, 194, 194, 194, 194, 194, 194, 195, 194, 194, 194, 194, 194, 196, 196, 194, 194, 194, 194, 194, 194, 193, 194, 194, 195, 194, 194, 195, 194, 193, 193, 194, 194, 198, 197, 194, 194, 194, 194, 194, 194, 194, 194, 196, 195, 195, 194, 194, 194, 196, 194, 194, 194, 195, 195, 195, 194, 191, 194, 195, 195, 194, 194, 196, 196, 196, 194, 194, 194, 194, 194, 194, 194, 194, 194, 194] and maximum was 200 with average 194.600
Time taken for the complete run was: 58791.004 seconds
Final Q-table length: 34468

200+ solution reached of 
[2, 44, 33, 17, 49, 50, 5, 8, 58, 53, 39, 59, 15, 9, 26, 3, 42, 192, 204, 195, 97, 118, 88, 131, 254, 171, 172, 221, 133, 225, 72, 29, 48, 230, 181, 99, 157, 147, 64, 125, 202, 162, 137, 113, 132, 249, 188, 30, 54, 94, 90, 82, 155, 184, 70, 243, 244, 98, 69, 78, 216, 215, 111, 51, 23, 203, 177, 140, 252, 194, 209, 173, 74, 73, 242, 226, 227, 214, 250, 25, 20, 92, 166, 85, 231, 232, 86, 176, 76, 247, 222, 239, 79, 96, 80, 10, 31, 81, 61, 62, 245, 256, 100, 175, 114, 219, 191, 217, 112, 128, 77, 43, 27, 84, 68, 127, 164, 206, 197, 139, 109, 83, 66, 200, 233, 190, 234, 21, 60, 196, 123, 104, 144, 160, 130, 161, 253, 213, 148, 183, 236, 189, 238, 45, 13, 120, 103, 154, 182, 142, 106, 179, 237, 251, 220, 201, 170, 211, 101, 6, 37, 151, 121, 65, 152, 163, 207, 75, 168, 165, 167, 169, 107, 117, 136, 24, 34, 198, 199, 89, 229, 158, 119, 63, 212, 145, 146, 153, 228, 210, 180, 7, 41, 187, 224, 150, 185, 193, 116, 115, 143]Final solution from 90 iteration was of length 194 and the solution itself was:
[2, 44, 33, 17, 49, 50, 5, 10, 45, 7, 8, 53, 48, 39, 59, 3, 15, 126, 160, 148, 71, 101, 63, 78, 83, 150, 168, 244, 230, 74, 80, 35, 20, 209, 181, 167, 189, 196, 136, 253, 213, 147, 197, 124, 116, 249, 246, 60, 19, 70, 220, 224, 234, 248, 218, 214, 75, 67, 95, 174, 182, 155, 158, 30, 40, 76, 247, 240, 128, 105, 252, 159, 66, 111, 179, 98, 206, 188, 123, 51, 34, 200, 212, 211, 205, 145, 238, 107, 132, 227, 170, 64, 141, 242, 151, 16, 56, 183, 162, 137, 112, 135, 129, 106, 216, 117, 134, 72, 61, 69, 100, 27, 18, 187, 245, 65, 81, 163, 138, 139, 140, 180, 202, 133, 99, 144, 221, 36, 31, 250, 164, 97, 77, 73, 68, 229, 89, 254, 204, 125, 256, 222, 207, 38, 41, 236, 154, 90, 233, 235, 153, 176, 85, 127, 110, 237, 94, 96, 175, 55, 12, 166, 195, 88, 239, 251, 228, 178, 143, 142, 191, 210, 232, 203, 165, 54, 57, 122, 231, 92, 192, 186, 241, 194, 185, 169, 118, 226, 91, 84, 146, 37, 23, 102]
The lookahead for each iteration for sample size 2 and count 5000000 was [195, 197, 199, 201, 195, 196, 195, 195, 197, 197, 194, 194, 197, 197, 199, 197, 197, 194, 194, 194, 194, 194, 194, 194, 194, 194, 194, 194, 197, 197, 195, 190, 190, 190, 194, 194, 196, 194, 194, 194, 194, 194, 194, 194, 194, 194, 197, 196, 194, 194, 194, 194, 194, 194, 194, 194, 194, 195, 193, 194, 194, 194, 194, 196, 194, 194, 194, 195, 193, 191, 197, 191, 191, 194, 196, 194, 194, 194, 194, 194, 194, 194, 191, 191, 196, 193, 193, 193, 194] and maximum was 201 with average 194.416
Time taken for the complete run was: 65667.158 seconds
Final Q-table length: 34785

Final solution from 90 iteration was of length 194 and the solution itself was:
[1, 30, 51, 20, 19, 25, 13, 58, 60, 36, 45, 12, 39, 55, 52, 2, 42, 244, 126, 192, 188, 206, 120, 225, 229, 246, 238, 125, 116, 237, 141, 37, 53, 224, 181, 89, 88, 80, 127, 182, 158, 144, 128, 154, 227, 249, 96, 5, 35, 220, 202, 133, 136, 190, 66, 160, 250, 177, 121, 147, 218, 251, 106, 7, 27, 79, 236, 234, 157, 235, 83, 242, 240, 204, 200, 146, 143, 104, 101, 11, 44, 243, 185, 168, 140, 115, 223, 247, 239, 203, 169, 151, 65, 105, 111, 17, 54, 248, 166, 179, 178, 103, 110, 173, 163, 148, 138, 165, 71, 252, 102, 50, 38, 214, 75, 230, 87, 84, 72, 139, 172, 219, 155, 189, 176, 86, 119, 10, 46, 199, 90, 171, 137, 149, 81, 82, 245, 74, 70, 191, 142, 68, 108, 43, 14, 205, 129, 180, 161, 217, 77, 76, 196, 174, 167, 184, 170, 98, 215, 23, 15, 122, 109, 152, 159, 107, 61, 95, 194, 231, 91, 256, 94, 92, 212, 57, 31, 124, 253, 186, 123, 63, 64, 69, 195, 232, 73, 164, 67, 112, 113, 6, 9, 114]
The lookahead for each iteration for sample size 2 and count 5000000 was [191, 191, 196, 194, 196, 198, 195, 194, 195, 195, 195, 199, 194, 197, 194, 194, 194, 194, 194, 191, 194, 194, 194, 194, 193, 194, 194, 197, 194, 194, 194, 194, 196, 193, 193, 194, 197, 194, 196, 194, 194, 194, 194, 194, 195, 195, 194, 194, 194, 194, 194, 194, 193, 194, 195, 195, 194, 195, 195, 195, 194, 194, 194, 196, 194, 194, 194, 191, 195, 194, 194, 194, 194, 196, 196, 194, 194, 194, 194, 194, 199, 199, 199, 199, 199, 194, 194, 194, 194, 194, 194] and maximum was 199 with average 194.582
Time taken for the complete run was: 63698.081 seconds
Final Q-table length: 35124

200+ solution reached of 
[2, 38, 55, 51, 22, 10, 45, 7, 9, 31, 15, 11, 25, 8, 60, 4, 52, 167, 219, 114, 215, 207, 157, 142, 168, 81, 67, 163, 247, 173, 196, 23, 35, 225, 181, 127, 136, 135, 170, 140, 61, 72, 145, 105, 101, 249, 188, 53, 44, 243, 180, 108, 74, 223, 125, 115, 78, 220, 222, 239, 123, 234, 201, 47, 46, 174, 211, 155, 68, 172, 256, 75, 79, 214, 132, 103, 133, 154, 141, 40, 34, 178, 218, 227, 197, 187, 221, 70, 62, 191, 184, 119, 102, 122, 138, 16, 27, 86, 166, 95, 251, 151, 160, 175, 83, 73, 134, 113, 254, 240, 189, 30, 41, 203, 144, 66, 121, 120, 186, 139, 182, 80, 94, 106, 171, 250, 204, 56, 14, 206, 96, 85, 104, 111, 195, 164, 205, 162, 64, 126, 244, 230, 231, 33, 37, 147, 146, 143, 129, 165, 169, 228, 209, 124, 90, 246, 137, 152, 224, 19, 21, 213, 253, 161, 238, 237, 233, 200, 198, 118, 242, 69, 82, 245, 199, 17, 6, 107, 190, 153, 77, 92, 236, 71, 88, 63, 112, 89, 100, 99, 87, 57, 24, 177, 193, 226, 192, 183, 235, 176, 131]
200+ solution reached of 
[2, 38, 55, 52, 12, 37, 13, 54, 48, 46, 39, 60, 33, 17, 56, 4, 7, 167, 219, 150, 92, 81, 200, 121, 113, 199, 224, 223, 86, 111, 130, 24, 57, 225, 181, 143, 149, 217, 189, 157, 165, 66, 137, 230, 91, 249, 80, 10, 8, 142, 161, 158, 152, 197, 183, 160, 182, 75, 147, 202, 114, 134, 74, 44, 5, 61, 68, 162, 194, 99, 84, 141, 176, 95, 64, 70, 129, 154, 245, 36, 45, 83, 82, 164, 238, 169, 195, 166, 179, 191, 213, 106, 109, 67, 93, 40, 47, 186, 145, 97, 78, 118, 120, 170, 244, 214, 252, 101, 133, 110, 125, 15, 21, 94, 63, 103, 234, 242, 73, 139, 173, 212, 253, 174, 104, 105, 135, 6, 26, 100, 136, 124, 248, 232, 72, 65, 76, 205, 254, 171, 119, 146, 148, 16, 29, 151, 218, 79, 155, 144, 206, 221, 210, 172, 187, 168, 211, 153, 123, 32, 41, 233, 203, 88, 236, 175, 216, 204, 184, 89, 198, 209, 207, 115, 102, 35, 53, 229, 185, 87, 240, 243, 215, 256, 222, 98, 241, 247, 163, 140, 85, 49, 18, 239, 226, 180, 131, 108, 251, 201, 246]
200+ solution reached of 
[2, 38, 55, 52, 12, 37, 13, 54, 48, 45, 6, 16, 31, 19, 15, 1, 7, 167, 219, 150, 93, 64, 69, 251, 234, 175, 109, 67, 92, 226, 117, 35, 22, 223, 181, 142, 177, 183, 84, 231, 168, 131, 113, 122, 253, 249, 100, 60, 51, 121, 127, 105, 90, 95, 85, 199, 192, 124, 214, 140, 89, 83, 72, 29, 23, 218, 180, 162, 130, 107, 169, 240, 187, 119, 215, 65, 147, 145, 184, 30, 40, 189, 155, 166, 170, 108, 123, 196, 195, 143, 165, 71, 216, 188, 246, 57, 14, 205, 146, 252, 227, 225, 254, 178, 200, 149, 194, 224, 245, 114, 172, 10, 25, 250, 137, 82, 91, 152, 182, 139, 153, 163, 247, 73, 62, 111, 174, 46, 26, 74, 236, 157, 244, 158, 220, 197, 171, 138, 217, 235, 78, 102, 110, 44, 32, 230, 228, 135, 101, 115, 209, 191, 212, 106, 136, 164, 222, 133, 201, 33, 41, 238, 134, 207, 63, 104, 159, 112, 126, 160, 151, 156, 204, 66, 141, 18, 53, 243, 120, 229, 88, 221, 148, 203, 125, 128, 233, 176, 86, 87, 161, 58, 49, 76, 186, 75, 61, 144, 118, 242, 97]
200+ solution reached of 
[2, 38, 55, 52, 12, 37, 13, 54, 48, 45, 11, 23, 51, 17, 57, 1, 7, 167, 219, 150, 93, 72, 186, 166, 127, 134, 225, 102, 101, 192, 136, 36, 22, 223, 181, 140, 248, 168, 185, 85, 176, 239, 73, 67, 227, 249, 131, 46, 31, 196, 143, 138, 145, 106, 110, 81, 155, 224, 83, 82, 157, 245, 170, 47, 29, 148, 146, 215, 121, 242, 123, 240, 108, 182, 175, 165, 129, 171, 235, 41, 60, 207, 149, 218, 128, 160, 125, 247, 120, 256, 195, 111, 63, 99, 94, 34, 39, 210, 212, 70, 84, 137, 243, 173, 179, 213, 114, 163, 184, 197, 74, 44, 14, 141, 178, 115, 116, 231, 174, 139, 61, 79, 122, 161, 236, 90, 87, 35, 5, 64, 69, 104, 103, 200, 199, 230, 95, 187, 144, 142, 77, 238, 252, 56, 15, 130, 158, 109, 113, 217, 124, 254, 194, 189, 216, 89, 88, 232, 86, 27, 6, 133, 202, 117, 135, 151, 105, 211, 226, 244, 204, 96, 71, 91, 253, 32, 24, 98, 78, 220, 229, 246, 164, 221, 169, 233, 183, 206, 154, 68, 180, 30, 20, 209, 152, 147, 162, 188, 66, 80]
200+ solution reached of 
[2, 38, 55, 52, 12, 37, 13, 54, 48, 45, 11, 23, 51, 17, 57, 1, 7, 167, 219, 150, 93, 72, 186, 166, 127, 134, 225, 102, 101, 192, 136, 36, 22, 223, 181, 140, 248, 168, 185, 85, 176, 239, 73, 67, 227, 249, 131, 46, 31, 196, 143, 138, 145, 106, 110, 81, 155, 224, 83, 82, 157, 245, 170, 47, 29, 148, 146, 215, 121, 242, 183, 189, 129, 220, 151, 235, 175, 174, 237, 41, 60, 222, 147, 135, 104, 118, 75, 153, 105, 149, 137, 156, 160, 247, 243, 30, 58, 254, 162, 124, 173, 226, 80, 169, 97, 125, 159, 84, 69, 100, 86, 56, 39, 197, 66, 161, 142, 182, 180, 139, 68, 107, 179, 217, 158, 205, 95, 34, 14, 256, 64, 154, 65, 141, 238, 228, 244, 92, 213, 165, 188, 200, 76, 43, 25, 216, 87, 171, 61, 99, 195, 190, 119, 63, 207, 172, 194, 252, 111, 15, 19, 71, 90, 234, 152, 229, 184, 78, 91, 114, 164, 144, 206, 94, 120, 6, 33, 204, 240, 233, 230, 130, 133, 202, 198, 123, 253, 178, 117, 74, 163, 16, 44, 191, 209, 241, 250, 122, 128, 246]
200+ solution reached of 
[2, 38, 55, 52, 12, 37, 13, 54, 48, 45, 11, 23, 51, 17, 57, 1, 7, 167, 219, 150, 93, 72, 186, 166, 127, 134, 225, 102, 101, 192, 136, 36, 22, 223, 181, 140, 248, 168, 185, 85, 176, 239, 73, 67, 227, 249, 131, 46, 31, 196, 143, 138, 145, 106, 110, 81, 155, 224, 83, 82, 157, 245, 170, 47, 29, 148, 146, 215, 121, 242, 183, 189, 129, 220, 151, 235, 175, 174, 237, 41, 60, 222, 147, 135, 104, 118, 75, 153, 105, 149, 137, 156, 160, 247, 243, 30, 8, 99, 164, 130, 179, 226, 80, 169, 97, 125, 159, 84, 69, 100, 86, 56, 24, 88, 94, 98, 256, 117, 122, 139, 64, 126, 173, 217, 158, 254, 178, 33, 59, 96, 70, 79, 221, 201, 199, 230, 91, 132, 111, 214, 171, 68, 142, 20, 35, 205, 200, 236, 207, 213, 244, 211, 193, 177, 197, 184, 162, 66, 165, 21, 32, 112, 107, 234, 218, 252, 71, 191, 76, 141, 152, 182, 240, 187, 210, 40, 28, 103, 180, 119, 114, 204, 87, 198, 95, 188, 202, 89, 250, 144, 172, 25, 44, 120, 229, 231, 209, 216, 246, 128]
200+ solution reached of 
[2, 38, 55, 52, 12, 37, 13, 54, 48, 45, 11, 23, 51, 17, 57, 1, 7, 167, 219, 150, 93, 72, 186, 166, 127, 134, 225, 102, 101, 192, 136, 36, 22, 223, 181, 140, 248, 168, 185, 85, 176, 239, 73, 67, 227, 249, 131, 46, 31, 196, 143, 138, 145, 106, 110, 81, 155, 224, 83, 82, 157, 245, 170, 47, 29, 148, 146, 215, 121, 242, 183, 189, 129, 220, 151, 235, 175, 174, 237, 41, 60, 222, 147, 135, 104, 118, 75, 153, 105, 149, 137, 156, 160, 247, 243, 30, 8, 99, 164, 130, 179, 226, 80, 169, 97, 125, 159, 84, 69, 100, 86, 56, 24, 88, 94, 98, 256, 117, 122, 139, 64, 126, 173, 217, 158, 254, 178, 33, 59, 96, 70, 79, 221, 201, 199, 230, 91, 132, 111, 214, 171, 68, 142, 20, 35, 205, 200, 236, 207, 213, 244, 211, 193, 177, 197, 184, 162, 66, 165, 21, 32, 112, 107, 234, 218, 252, 71, 191, 76, 141, 152, 182, 240, 187, 210, 40, 28, 103, 180, 119, 114, 204, 87, 198, 95, 188, 202, 89, 250, 144, 172, 25, 44, 120, 229, 231, 209, 216, 246, 128]
Final solution from 90 iteration was of length 200 and the solution itself was:
[2, 38, 55, 52, 12, 37, 13, 54, 48, 45, 11, 23, 51, 17, 57, 1, 7, 167, 219, 150, 93, 72, 186, 166, 127, 134, 225, 102, 101, 192, 136, 36, 22, 223, 181, 140, 248, 168, 185, 85, 176, 239, 73, 67, 227, 249, 131, 46, 31, 196, 143, 138, 145, 106, 110, 81, 155, 224, 83, 82, 157, 245, 170, 47, 29, 148, 146, 215, 121, 242, 183, 189, 129, 220, 151, 235, 175, 174, 237, 41, 60, 222, 147, 135, 104, 118, 75, 153, 105, 149, 137, 156, 160, 247, 243, 30, 8, 99, 164, 130, 179, 226, 80, 169, 97, 125, 159, 84, 69, 100, 86, 56, 24, 88, 94, 98, 256, 117, 122, 139, 64, 126, 173, 217, 158, 254, 178, 34, 59, 96, 70, 79, 221, 201, 199, 230, 91, 132, 111, 214, 171, 68, 142, 43, 35, 205, 200, 236, 207, 213, 244, 211, 193, 177, 197, 184, 162, 66, 165, 21, 32, 112, 107, 234, 218, 252, 71, 191, 76, 141, 152, 182, 240, 187, 210, 40, 28, 103, 180, 119, 114, 204, 87, 198, 95, 188, 202, 89, 250, 144, 172, 25, 44, 120, 229, 231, 209, 216, 246, 128]
The lookahead for each iteration for sample size 2 and count 10000000 was [194, 194, 201, 195, 197, 196, 194, 196, 201, 201, 197, 196, 195, 199, 195, 195, 194, 194, 194, 194, 194, 194, 194, 195, 195, 195, 196, 194, 194, 194, 197, 197, 196, 195, 195, 197, 195, 194, 195, 194, 194, 194, 194, 194, 194, 194, 196, 196, 199, 194, 199, 199, 194, 194, 194, 194, 194, 195, 195, 194, 194, 194, 196, 196, 197, 197, 196, 194, 194, 200, 198, 194, 195, 195, 195, 194, 194, 196, 194, 195, 198, 194, 200, 200, 196, 200, 197, 194, 194, 200, 194] and maximum was 201 with average 195.582
Time taken for the complete run was: 147754.667 seconds
Final Q-table length: 35454

200+ solution reached of 
[2, 37, 5, 6, 22, 14, 38, 53, 41, 33, 24, 11, 19, 15, 9, 4, 52, 141, 96, 63, 110, 250, 218, 71, 118, 130, 199, 192, 243, 101, 67, 16, 23, 185, 181, 61, 95, 253, 164, 99, 169, 238, 193, 190, 237, 249, 88, 32, 26, 66, 162, 82, 242, 93, 72, 188, 76, 91, 152, 180, 165, 135, 98, 34, 29, 137, 224, 75, 221, 94, 209, 189, 196, 256, 147, 205, 204, 126, 124, 46, 27, 87, 220, 120, 163, 68, 173, 92, 86, 100, 65, 148, 214, 216, 133, 48, 28, 115, 70, 112, 210, 245, 239, 89, 125, 251, 83, 213, 244, 111, 183, 47, 56, 231, 90, 113, 191, 105, 153, 139, 108, 248, 116, 106, 207, 136, 240, 44, 58, 178, 170, 119, 195, 134, 235, 155, 236, 228, 225, 142, 146, 154, 222, 36, 18, 168, 174, 254, 144, 172, 128, 234, 233, 200, 127, 104, 223, 182, 219, 45, 51, 109, 102, 122, 143, 156, 121, 151, 77, 79, 161, 129, 167, 140, 150, 8, 55, 175, 132, 123, 117, 69, 85, 138, 211, 80, 64, 73, 149, 84, 97, 54, 17, 187, 232, 198, 230, 186, 227, 176, 226, 194, 252]
200+ solution reached of 
[2, 37, 5, 6, 22, 14, 38, 53, 41, 33, 24, 11, 19, 15, 9, 4, 52, 141, 96, 63, 110, 250, 218, 71, 118, 130, 199, 192, 243, 101, 67, 16, 23, 185, 181, 61, 95, 253, 164, 99, 169, 238, 193, 190, 237, 249, 88, 32, 26, 66, 162, 82, 242, 93, 72, 188, 76, 91, 152, 180, 165, 135, 98, 34, 29, 137, 224, 75, 216, 251, 219, 172, 179, 213, 105, 122, 127, 103, 136, 48, 56, 159, 163, 209, 227, 252, 214, 229, 256, 207, 217, 198, 111, 77, 239, 42, 39, 167, 215, 145, 184, 245, 210, 176, 203, 187, 240, 92, 86, 64, 161, 7, 36, 220, 87, 81, 189, 158, 150, 139, 153, 168, 173, 247, 125, 94, 80, 10, 60, 197, 124, 126, 205, 212, 200, 232, 175, 248, 73, 194, 102, 134, 74, 44, 18, 183, 196, 120, 225, 226, 123, 174, 142, 146, 65, 121, 234, 157, 90, 27, 59, 160, 140, 106, 186, 202, 133, 109, 104, 222, 147, 112, 233, 84, 119, 30, 13, 201, 143, 138, 170, 129, 132, 223, 117, 246, 154, 254, 171, 79, 113, 58, 45, 177, 231, 178, 211, 148, 144, 206, 221]
Final solution from 90 iteration was of length 194 and the solution itself was:
[2, 37, 5, 6, 22, 14, 38, 53, 41, 33, 24, 11, 19, 15, 9, 4, 52, 141, 96, 63, 110, 250, 218, 71, 118, 130, 199, 192, 243, 101, 67, 16, 23, 185, 181, 61, 95, 253, 164, 99, 169, 238, 193, 190, 237, 249, 88, 32, 26, 66, 162, 82, 242, 93, 72, 188, 76, 91, 152, 180, 165, 135, 98, 34, 29, 137, 224, 75, 216, 251, 219, 172, 179, 213, 105, 122, 127, 103, 136, 48, 56, 159, 163, 209, 227, 125, 129, 83, 94, 79, 244, 229, 114, 236, 245, 45, 58, 109, 121, 191, 189, 195, 254, 89, 206, 184, 120, 196, 194, 153, 155, 10, 39, 223, 215, 174, 150, 149, 225, 139, 175, 70, 113, 202, 187, 77, 73, 42, 21, 248, 145, 123, 116, 214, 74, 81, 235, 78, 171, 246, 133, 239, 230, 13, 31, 247, 147, 200, 186, 148, 212, 217, 97, 221, 144, 160, 131, 233, 128, 50, 44, 240, 68, 85, 170, 156, 119, 158, 64, 201, 205, 204, 140, 176, 182, 8, 12, 107, 138, 143, 211, 207, 104, 102, 87, 197, 222, 256, 69, 86, 232, 59, 25, 132]
The lookahead for each iteration for sample size 2 and count 10000000 was [199, 197, 196, 198, 197, 198, 196, 199, 198, 196, 198, 196, 197, 195, 194, 194, 197, 197, 197, 199, 194, 195, 196, 196, 196, 195, 195, 194, 194, 194, 196, 196, 197, 194, 194, 194, 195, 195, 197, 197, 194, 194, 194, 195, 195, 195, 195, 195, 197, 194, 191, 194, 194, 195, 195, 194, 195, 195, 198, 198, 194, 194, 194, 194, 195, 196, 203, 195, 195, 195, 194, 194, 197, 196, 195, 195, 195, 195, 194, 194, 196, 196, 195, 195, 201, 194, 194, 194, 194, 194, 194] and maximum was 203 with average 195.495
Time taken for the complete run was: 134956.761 seconds
Final Q-table length: 35778

200+ solution reached of 
[2, 37, 5, 14, 41, 33, 24, 7, 13, 58, 55, 49, 53, 39, 50, 1, 52, 141, 96, 221, 169, 92, 87, 180, 253, 119, 236, 77, 244, 209, 63, 28, 23, 185, 181, 104, 127, 196, 223, 210, 214, 113, 230, 168, 174, 249, 88, 32, 19, 62, 78, 112, 238, 252, 186, 190, 178, 98, 256, 239, 250, 94, 64, 29, 43, 81, 155, 245, 125, 204, 160, 137, 177, 82, 144, 187, 162, 68, 61, 26, 21, 93, 213, 135, 134, 114, 232, 146, 184, 152, 167, 189, 123, 131, 140, 22, 40, 76, 179, 126, 73, 67, 228, 150, 229, 115, 129, 151, 153, 172, 170, 12, 54, 193, 171, 254, 164, 69, 83, 139, 122, 110, 211, 246, 80, 99, 242, 47, 17, 194, 240, 217, 149, 86, 218, 161, 130, 132, 215, 195, 203, 133, 103, 48, 31, 101, 124, 192, 247, 100, 219, 108, 106, 216, 157, 148, 118, 117, 136, 46, 9, 116, 197, 183, 201, 154, 227, 243, 173, 237, 235, 145, 188, 72, 90, 45, 57, 102, 120, 198, 199, 159, 85, 70, 212, 200, 107, 138, 207, 147, 79, 10, 8, 109, 225, 202, 224, 91, 66, 191, 205, 206]
Final solution from 90 iteration was of length 197 and the solution itself was:
[2, 37, 5, 14, 41, 33, 24, 7, 13, 58, 55, 49, 53, 39, 50, 1, 52, 141, 96, 221, 169, 92, 87, 180, 253, 119, 236, 77, 244, 209, 63, 28, 23, 185, 181, 104, 127, 196, 223, 210, 214, 113, 230, 168, 174, 249, 88, 32, 19, 62, 78, 112, 238, 252, 186, 190, 178, 98, 256, 239, 250, 94, 64, 29, 43, 81, 137, 199, 231, 86, 69, 229, 177, 82, 160, 187, 162, 68, 61, 26, 46, 233, 151, 121, 83, 215, 148, 72, 85, 138, 75, 224, 124, 131, 140, 22, 54, 235, 251, 125, 100, 206, 118, 150, 116, 167, 70, 193, 73, 172, 170, 12, 35, 80, 65, 156, 207, 165, 109, 139, 108, 212, 218, 194, 74, 142, 145, 38, 9, 232, 146, 135, 222, 157, 164, 105, 114, 191, 129, 246, 245, 89, 198, 56, 15, 130, 158, 103, 128, 226, 134, 111, 91, 120, 101, 247, 242, 93, 237, 31, 51, 133, 188, 203, 143, 179, 166, 183, 95, 197, 227, 110, 76, 97, 248, 21, 17, 195, 144, 175, 152, 228, 107, 123, 132, 240, 176, 102, 126, 216, 243, 42, 6, 115, 153, 234, 225]
The lookahead for each iteration for sample size 5 and count 2000000 was [194, 194, 194, 195, 195, 195, 196, 194, 196, 194, 194, 196, 196, 196, 194, 194, 196, 194, 194, 191, 194, 194, 199, 194, 194, 194, 194, 194, 194, 194, 194, 194, 196, 194, 194, 194, 194, 194, 194, 194, 194, 194, 193, 193, 194, 194, 194, 194, 199, 195, 195, 195, 197, 194, 198, 194, 194, 193, 196, 196, 195, 197, 194, 194, 202, 202, 194, 195, 195, 195, 195, 194, 194, 195, 196, 194, 194, 194, 194, 194, 195, 194, 195, 195, 194, 194, 194, 194, 194, 194, 194] and maximum was 202 with average 194.714
Time taken for the complete run was: 71520.735 seconds
Final Q-table length: 36092

Final solution from 90 iteration was of length 196 and the solution itself was:
[2, 37, 12, 46, 48, 39, 57, 13, 53, 47, 44, 33, 16, 26, 19, 3, 7, 140, 232, 231, 119, 227, 143, 170, 235, 242, 81, 69, 163, 73, 245, 32, 25, 182, 181, 166, 121, 216, 147, 229, 239, 206, 145, 105, 111, 249, 100, 36, 31, 244, 230, 162, 133, 222, 65, 152, 225, 254, 218, 149, 184, 236, 76, 43, 27, 87, 220, 164, 129, 167, 74, 243, 116, 131, 177, 66, 89, 174, 196, 20, 28, 110, 212, 238, 252, 176, 112, 209, 75, 80, 171, 189, 217, 211, 136, 15, 56, 200, 191, 77, 93, 70, 63, 109, 78, 155, 175, 118, 237, 71, 79, 10, 17, 190, 201, 92, 248, 215, 99, 139, 64, 160, 246, 134, 251, 91, 84, 40, 59, 172, 169, 233, 228, 193, 188, 72, 61, 141, 128, 67, 151, 83, 156, 23, 55, 219, 187, 123, 107, 226, 224, 159, 138, 142, 126, 95, 203, 85, 202, 60, 38, 148, 137, 240, 173, 247, 117, 130, 113, 104, 135, 214, 221, 144, 158, 30, 14, 205, 146, 132, 101, 204, 127, 122, 178, 102, 114, 199, 98, 94, 90, 49, 52, 180, 153, 183]
The lookahead for each iteration for sample size 5 and count 2000000 was [195, 196, 196, 195, 196, 195, 194, 199, 196, 196, 197, 196, 195, 195, 194, 195, 195, 198, 194, 195, 195, 194, 197, 194, 194, 194, 196, 196, 196, 196, 194, 194, 194, 194, 194, 195, 194, 195, 195, 194, 194, 194, 194, 194, 194, 194, 196, 194, 194, 194, 194, 195, 194, 195, 194, 194, 194, 194, 194, 194, 194, 194, 195, 194, 194, 194, 195, 194, 196, 196, 194, 194, 194, 194, 194, 195, 194, 194, 195, 194, 194, 194, 196, 196, 194, 195, 194, 196, 194] and maximum was 199 with average 194.742
Time taken for the complete run was: 61096.611 seconds
Final Q-table length: 36430

200+ solution reached of 
[2, 39, 49, 55, 58, 57, 11, 24, 9, 33, 15, 13, 51, 20, 16, 4, 52, 172, 96, 219, 109, 171, 244, 229, 223, 256, 135, 213, 126, 173, 143, 22, 23, 227, 181, 169, 118, 175, 251, 100, 91, 194, 218, 164, 195, 249, 80, 10, 31, 111, 127, 112, 113, 104, 245, 187, 200, 66, 138, 144, 203, 228, 75, 38, 29, 105, 142, 146, 158, 119, 253, 201, 106, 61, 99, 160, 252, 94, 69, 60, 44, 108, 140, 149, 124, 87, 86, 132, 63, 64, 65, 137, 243, 240, 68, 27, 21, 121, 216, 191, 120, 98, 93, 177, 214, 95, 81, 217, 209, 183, 166, 34, 59, 205, 221, 204, 186, 231, 185, 139, 167, 165, 168, 226, 210, 188, 242, 47, 8, 180, 157, 248, 114, 230, 202, 154, 220, 151, 77, 70, 207, 189, 233, 40, 5, 90, 156, 174, 107, 130, 136, 125, 215, 147, 211, 78, 246, 212, 239, 18, 42, 74, 152, 162, 76, 67, 197, 198, 235, 153, 176, 85, 206, 184, 133, 50, 46, 89, 117, 102, 110, 145, 97, 88, 83, 224, 170, 178, 254, 234, 103, 6, 12, 179, 225, 115, 101, 129, 237, 250, 238]
Final solution from 90 iteration was of length 194 and the solution itself was:
[2, 39, 49, 55, 58, 57, 11, 24, 9, 33, 15, 13, 51, 20, 16, 4, 52, 172, 96, 219, 109, 171, 250, 240, 210, 244, 123, 200, 111, 173, 144, 25, 18, 226, 181, 175, 119, 71, 220, 163, 221, 247, 191, 167, 227, 249, 160, 12, 40, 237, 143, 165, 212, 70, 184, 148, 188, 197, 209, 142, 157, 215, 146, 38, 53, 155, 82, 114, 225, 218, 196, 149, 137, 124, 130, 177, 251, 106, 141, 59, 17, 202, 100, 131, 229, 245, 207, 214, 147, 239, 254, 205, 222, 132, 203, 23, 31, 211, 246, 122, 236, 90, 75, 159, 65, 97, 129, 133, 195, 194, 206, 60, 32, 113, 118, 112, 169, 178, 223, 139, 104, 125, 216, 256, 253, 74, 80, 35, 28, 102, 185, 231, 204, 201, 99, 61, 107, 186, 134, 121, 127, 108, 235, 54, 29, 105, 76, 93, 98, 87, 176, 77, 217, 162, 164, 151, 168, 174, 233, 41, 44, 248, 84, 234, 136, 63, 189, 190, 78, 152, 67, 81, 153, 243, 92, 34, 47, 170, 154, 180, 230, 115, 238, 158, 89, 117, 101, 192, 145, 73, 72, 37, 14, 182]
The lookahead for each iteration for sample size 5 and count 2000000 was [195, 199, 195, 196, 196, 194, 194, 194, 194, 194, 194, 194, 198, 199, 199, 199, 194, 194, 195, 195, 201, 195, 195, 195, 195, 194, 197, 30, 194, 198, 198, 194, 191, 191, 196, 196, 195, 195, 194, 194, 194, 194, 194, 199, 199, 199, 199, 194, 194, 194, 194, 194, 194, 194, 196, 195, 194, 194, 194, 196, 194, 194, 194, 195, 197, 195, 194, 194, 195, 194, 194, 194, 198, 195, 194, 194, 194, 194, 194, 194, 194, 194, 195, 194, 194, 194, 194, 194, 194, 194] and maximum was 201 with average 193.189
Time taken for the complete run was: 60889.016 seconds
Final Q-table length: 36744

200+ solution reached of 
[2, 37, 5, 13, 59, 25, 11, 20, 21, 46, 40, 22, 12, 47, 41, 4, 52, 141, 96, 75, 219, 216, 239, 244, 236, 198, 190, 102, 107, 92, 84, 16, 38, 210, 181, 61, 83, 227, 185, 228, 233, 200, 187, 132, 85, 249, 232, 34, 48, 211, 212, 147, 251, 235, 166, 165, 118, 135, 93, 253, 90, 238, 223, 39, 54, 248, 73, 67, 98, 240, 209, 186, 201, 117, 74, 225, 193, 189, 215, 55, 30, 243, 81, 105, 247, 221, 222, 120, 110, 63, 87, 220, 154, 137, 231, 56, 44, 192, 203, 252, 149, 70, 100, 104, 115, 71, 86, 106, 161, 82, 134, 36, 10, 224, 194, 178, 138, 78, 89, 139, 163, 101, 119, 127, 68, 64, 126, 43, 15, 116, 111, 113, 177, 129, 131, 182, 202, 128, 175, 114, 72, 65, 206, 17, 31, 168, 237, 214, 162, 218, 204, 188, 66, 153, 167, 112, 123, 158, 254, 58, 9, 150, 97, 207, 148, 121, 130, 79, 62, 155, 145, 199, 122, 180, 171, 53, 45, 157, 80, 246, 184, 195, 250, 217, 76, 151, 69, 88, 99, 144, 142, 42, 14, 256, 230, 136, 229, 174, 173, 176]

Final tree length was 56 which was 
[2, 37, 5, 13, 57, 12, 45, 8, 52, 11, 19, 25, 9, 36, 40, 3, 7, 141, 96, 75, 109, 170, 251, 178, 122, 250, 172, 99, 117, 120, 198, 32, 22, 185, 181, 61, 67, 153, 147, 143, 128, 201, 194, 88, 87, 249, 188, 30, 31, 110, 113, 68, 81, 233, 189, 171]
The lookahead for each iteration for sample size 2 and count 20000000 was [195, 195, 195, 200, 196, 195, 197, 196, 199, 197, 197, 197, 196, 197, 199, 199, 195, 195, 195, 194, 194, 198, 198, 194, 194, 198, 195, 196, 196, 196, 196, 196, 198, 194, 194, 194, 194, 197, 195, 194, 196, 195, 195, 195, 195, 195, 194, 194, 196, 196, 194, 196, 194, 194, 194, 194] and maximum was 200 with average 195.661
Time taken for the complete run was: 210360.567 seconds
Final Q-table length: 36965

200+ solution reached of 
[4, 25, 7, 6, 24, 11, 16, 32, 28, 35, 58, 50, 5, 8, 57, 2, 29, 160, 144, 105, 74, 163, 147, 214, 112, 190, 180, 107, 93, 108, 113, 46, 44, 209, 181, 165, 71, 146, 148, 132, 240, 183, 127, 123, 203, 249, 118, 40, 48, 212, 211, 62, 70, 149, 216, 131, 192, 179, 178, 250, 126, 166, 111, 20, 54, 213, 106, 61, 63, 124, 98, 68, 199, 161, 87, 80, 103, 104, 196, 17, 13, 186, 117, 162, 122, 230, 91, 72, 177, 140, 253, 158, 239, 136, 244, 53, 42, 191, 222, 205, 138, 159, 174, 168, 228, 150, 92, 64, 77, 238, 242, 41, 14, 219, 135, 133, 145, 157, 172, 139, 170, 156, 110, 198, 169, 85, 100, 36, 22, 116, 129, 97, 75, 256, 221, 65, 137, 79, 67, 197, 206, 121, 164, 37, 33, 231, 254, 141, 182, 246, 218, 84, 151, 184, 66, 89, 99, 134, 234, 10, 60, 223, 109, 142, 175, 187, 235, 154, 90, 236, 193, 224, 73, 83, 237, 43, 30, 115, 101, 247, 245, 188, 94, 251, 82, 153, 152, 226, 243, 78, 102, 15, 56, 204, 232, 201, 171, 189, 76, 248]
Final solution from 90 iteration was of length 199 and the solution itself was:
[4, 25, 7, 6, 24, 11, 16, 35, 52, 9, 29, 27, 33, 20, 15, 1, 28, 128, 141, 105, 124, 244, 152, 109, 138, 150, 143, 86, 178, 173, 120, 36, 44, 225, 181, 177, 110, 252, 91, 125, 207, 118, 122, 159, 87, 249, 160, 37, 10, 227, 119, 224, 163, 215, 84, 203, 246, 247, 74, 67, 61, 82, 88, 5, 57, 102, 104, 182, 154, 78, 153, 187, 180, 179, 93, 121, 89, 137, 161, 8, 38, 112, 239, 250, 117, 73, 134, 256, 202, 186, 198, 199, 90, 190, 127, 50, 53, 229, 231, 253, 103, 111, 101, 106, 189, 194, 204, 98, 251, 236, 131, 14, 17, 195, 126, 107, 77, 85, 142, 139, 81, 237, 248, 83, 94, 70, 113, 48, 19, 176, 168, 167, 212, 214, 146, 116, 63, 210, 226, 185, 206, 184, 192, 42, 31, 92, 242, 219, 234, 245, 164, 220, 133, 80, 62, 95, 201, 211, 209, 13, 41, 76, 108, 172, 169, 235, 156, 147, 148, 221, 96, 71, 196, 243, 193, 55, 46, 197, 136, 171, 140, 145, 218, 97, 75, 69, 144, 175, 135, 115, 188, 59, 21, 228, 230, 254, 232, 200, 205]
The lookahead for each iteration for sample size 2 and count 1000000 was [191, 191, 194, 194, 194, 194, 200, 194, 197, 191, 194, 194, 195, 191, 194, 190, 191, 195, 195, 195, 194, 189, 191, 191, 191, 191, 191, 191, 196, 194, 194, 194, 191, 194, 194, 195, 194, 195, 194, 194, 194, 191, 191, 194, 194, 194, 194, 194, 194, 195, 195, 194, 194, 194, 194, 194, 194, 194, 194, 194, 191, 189, 193, 193, 194, 194, 195, 191, 191, 194, 194, 194, 194, 194, 194, 194, 194, 191, 191, 191, 194, 194, 194, 194, 194, 194, 194, 194, 194, 194, 197] and maximum was 200 with average 193.418
Time taken for the complete run was: 87858.743 seconds
Final Q-table length: 37292

Final solution from 90 iteration was of length 191 and the solution itself was:
[2, 37, 10, 41, 32, 27, 29, 26, 21, 46, 42, 6, 25, 11, 24, 1, 5, 72, 188, 76, 88, 61, 65, 62, 175, 174, 243, 120, 247, 173, 122, 28, 22, 223, 181, 179, 201, 109, 125, 196, 240, 244, 155, 242, 237, 249, 80, 30, 51, 121, 127, 107, 123, 229, 256, 100, 97, 251, 164, 246, 235, 228, 73, 55, 38, 135, 89, 131, 132, 202, 195, 204, 133, 134, 193, 197, 83, 98, 250, 59, 53, 119, 85, 111, 101, 113, 198, 213, 234, 157, 170, 68, 145, 215, 129, 15, 8, 180, 172, 116, 114, 165, 189, 167, 168, 140, 232, 74, 192, 231, 106, 7, 52, 178, 203, 110, 194, 150, 226, 139, 142, 138, 141, 112, 209, 75, 67, 9, 58, 253, 185, 163, 222, 147, 212, 148, 66, 79, 161, 130, 186, 200, 151, 36, 35, 171, 190, 84, 214, 137, 154, 221, 205, 78, 81, 233, 92, 64, 93, 40, 16, 159, 230, 90, 218, 227, 153, 160, 254, 87, 149, 118, 105, 156, 252, 23, 19, 224, 225, 108, 177, 95, 241, 126, 102, 86, 146, 216, 69, 70, 219]
The lookahead for each iteration for sample size 2 and count 1000000 was [194, 196, 194, 195, 195, 194, 194, 194, 194, 194, 194, 194, 194, 194, 193, 194, 194, 194, 189, 194, 191, 191, 191, 187, 31, 31, 188, 194, 191, 191, 195, 194, 194, 194, 194, 194, 194, 194, 194, 193, 193, 196, 190, 190, 194, 194, 195, 195, 194, 194, 194, 194, 194, 194, 196, 194, 194, 195, 196, 191, 193, 194, 194, 194, 194, 194, 194, 194, 191, 193, 194, 190, 194, 194, 194, 190, 188, 188, 191, 191, 193, 191, 191, 191, 188, 191, 191, 191, 191] and maximum was 196 with average 189.303
Time taken for the complete run was: 11360.460 seconds
Final Q-table length: 37615

200+ solution reached of 
[2, 48, 37, 12, 40, 17, 52, 5, 13, 51, 18, 53, 46, 38, 60, 4, 15, 122, 144, 160, 153, 185, 176, 76, 209, 115, 238, 234, 198, 191, 215, 21, 31, 74, 181, 175, 155, 235, 170, 127, 218, 71, 219, 193, 204, 249, 232, 47, 41, 77, 211, 156, 65, 62, 186, 126, 105, 68, 169, 226, 194, 252, 223, 39, 14, 187, 205, 102, 125, 84, 210, 182, 107, 159, 81, 243, 190, 200, 195, 59, 24, 171, 131, 63, 69, 164, 212, 168, 233, 141, 64, 253, 254, 118, 203, 25, 19, 180, 174, 214, 137, 145, 148, 142, 239, 242, 82, 154, 202, 110, 196, 11, 20, 225, 163, 207, 189, 66, 72, 139, 104, 106, 149, 227, 224, 250, 216, 22, 6, 109, 161, 236, 93, 91, 87, 158, 130, 179, 192, 95, 75, 78, 167, 9, 57, 143, 61, 97, 83, 228, 230, 79, 88, 98, 199, 89, 221, 172, 138, 29, 35, 178, 94, 100, 117, 112, 229, 222, 206, 133, 132, 140, 99, 197, 113, 28, 44, 173, 248, 85, 162, 146, 157, 247, 240, 136, 256, 147, 70, 188, 80, 30, 34, 120, 114, 166, 244, 111, 121, 108, 151]
200+ solution reached of 
[2, 48, 37, 12, 40, 25, 7, 10, 41, 34, 43, 18, 55, 56, 32, 4, 50, 122, 144, 160, 81, 240, 131, 175, 93, 213, 248, 235, 251, 179, 174, 22, 30, 224, 181, 169, 77, 217, 124, 142, 67, 129, 238, 226, 223, 249, 247, 11, 28, 116, 119, 234, 237, 149, 161, 138, 150, 171, 136, 239, 74, 73, 163, 16, 9, 225, 120, 202, 95, 252, 218, 70, 84, 157, 134, 236, 244, 227, 91, 33, 52, 178, 86, 115, 72, 143, 87, 62, 185, 97, 197, 79, 69, 216, 71, 23, 8, 166, 82, 105, 110, 127, 199, 89, 117, 63, 145, 147, 65, 80, 180, 58, 5, 85, 141, 242, 204, 201, 177, 139, 154, 135, 219, 229, 184, 78, 99, 59, 57, 102, 123, 203, 196, 209, 193, 194, 246, 245, 187, 233, 183, 162, 151, 21, 39, 114, 90, 94, 164, 146, 155, 243, 211, 137, 148, 118, 107, 112, 200, 47, 53, 189, 128, 106, 205, 195, 121, 111, 214, 158, 212, 250, 109, 101, 192, 46, 17, 191, 96, 182, 186, 256, 221, 165, 167, 207, 220, 230, 152, 176, 173, 42, 6, 108, 83, 170, 159, 98, 100, 215]

Final tree length was 90 which was 
[2, 48, 37, 12, 40, 25, 7, 10, 41, 34, 43, 18, 55, 56, 32, 4, 50, 122, 144, 160, 81, 240, 131, 175, 93, 213, 248, 235, 251, 179, 174, 22, 30, 224, 181, 169, 77, 217, 124, 142, 67, 129, 238, 226, 223, 249, 247, 11, 28, 116, 119, 234, 237, 149, 161, 138, 150, 171, 136, 239, 74, 73, 163, 16, 44, 168, 118, 201, 185, 203, 254, 112, 103, 211, 63, 123, 196, 197, 230, 33, 47, 178, 218, 86, 91, 200, 205, 187, 111, 173]
Final solution from 90 iteration was of length 198 and the solution itself was:
[2, 48, 37, 12, 40, 25, 7, 10, 41, 34, 43, 18, 55, 56, 32, 4, 50, 122, 144, 160, 81, 240, 131, 175, 93, 213, 248, 235, 251, 179, 174, 22, 30, 224, 181, 169, 77, 217, 124, 142, 67, 129, 238, 226, 223, 249, 247, 11, 28, 116, 119, 234, 237, 149, 161, 138, 150, 171, 136, 239, 74, 73, 163, 16, 44, 168, 118, 201, 185, 203, 254, 112, 103, 211, 63, 123, 196, 197, 230, 33, 47, 178, 218, 86, 91, 200, 205, 187, 111, 173, 61, 88, 71, 189, 190, 19, 21, 215, 219, 72, 69, 198, 162, 180, 87, 76, 66, 100, 220, 212, 110, 15, 59, 222, 96, 188, 157, 193, 152, 139, 89, 97, 114, 134, 109, 78, 176, 8, 58, 117, 75, 145, 82, 228, 231, 158, 154, 246, 127, 177, 166, 94, 141, 52, 13, 125, 120, 105, 64, 242, 194, 202, 147, 221, 204, 98, 245, 155, 65, 5, 42, 101, 102, 130, 92, 108, 172, 250, 137, 151, 252, 95, 199, 236, 135, 6, 54, 121, 216, 214, 210, 115, 227, 225, 80, 84, 146, 140, 68, 153, 209, 20, 38, 184, 182, 85, 70, 207]
The lookahead for each iteration for sample size 2 and count 1000000 was [195, 191, 191, 194, 201, 194, 191, 194, 196, 194, 194, 194, 194, 195, 194, 194, 194, 188, 188, 194, 191, 194, 191, 194, 195, 198, 191, 190, 190, 190, 188, 191, 194, 194, 194, 188, 196, 194, 191, 194, 194, 191, 194, 189, 194, 194, 194, 194, 194, 191, 194, 194, 194, 195, 194, 194, 195, 194, 195, 195, 194, 191, 200, 200, 191, 191, 191, 194, 194, 194, 194, 194, 195, 194, 194, 194, 194, 197, 191, 191, 197, 197, 197, 194, 194, 194, 194, 190, 194, 194] and maximum was 201 with average 193.489
Time taken for the complete run was: 55025.399 seconds
Final Q-table length: 37950

200+ solution reached of 
[1, 30, 52, 9, 28, 27, 26, 25, 10, 43, 23, 50, 14, 46, 45, 2, 57, 234, 141, 150, 109, 75, 70, 187, 226, 225, 178, 126, 240, 124, 134, 39, 18, 228, 181, 176, 180, 170, 213, 200, 209, 186, 85, 204, 203, 249, 256, 56, 11, 179, 230, 174, 211, 155, 242, 233, 153, 244, 88, 160, 144, 94, 69, 29, 42, 142, 152, 167, 148, 65, 80, 254, 161, 250, 96, 221, 182, 72, 64, 34, 54, 175, 246, 184, 66, 147, 157, 222, 89, 253, 201, 117, 224, 198, 92, 44, 35, 158, 136, 229, 90, 78, 156, 138, 61, 71, 188, 132, 114, 112, 239, 36, 60, 163, 115, 223, 193, 62, 91, 139, 140, 216, 205, 214, 129, 218, 149, 38, 8, 168, 210, 215, 245, 171, 159, 68, 99, 100, 202, 199, 123, 235, 154, 58, 5, 84, 81, 237, 135, 133, 145, 108, 125, 86, 227, 197, 183, 166, 195, 59, 37, 146, 67, 103, 212, 247, 219, 248, 251, 120, 101, 121, 189, 106, 110, 20, 21, 165, 194, 131, 113, 105, 83, 238, 97, 104, 63, 73, 243, 252, 111, 15, 6, 127, 185, 107, 122, 143, 87, 130]
Final solution from 90 iteration was of length 200 and the solution itself was:
[1, 30, 52, 9, 28, 27, 26, 25, 10, 43, 23, 50, 14, 46, 45, 2, 57, 234, 141, 150, 109, 75, 70, 187, 226, 225, 178, 126, 240, 124, 134, 39, 18, 228, 181, 176, 180, 170, 213, 200, 209, 186, 85, 204, 203, 249, 256, 56, 11, 179, 230, 174, 211, 155, 242, 233, 153, 244, 88, 160, 144, 94, 69, 29, 42, 142, 152, 167, 148, 65, 80, 254, 161, 250, 96, 221, 182, 72, 64, 34, 54, 175, 246, 184, 66, 147, 157, 222, 89, 253, 201, 117, 224, 198, 92, 44, 35, 158, 136, 229, 90, 78, 156, 138, 61, 71, 188, 132, 114, 112, 239, 36, 60, 163, 115, 223, 193, 62, 91, 139, 140, 216, 205, 214, 129, 218, 149, 38, 8, 168, 210, 215, 245, 171, 159, 68, 99, 100, 202, 199, 123, 235, 154, 58, 5, 84, 81, 237, 135, 133, 145, 108, 125, 86, 227, 197, 183, 166, 195, 59, 37, 146, 67, 103, 212, 247, 219, 248, 251, 120, 101, 121, 189, 106, 110, 20, 21, 165, 194, 131, 113, 105, 83, 238, 97, 104, 63, 73, 243, 252, 111, 15, 6, 127, 185, 107, 122, 143, 87, 130]
The lookahead for each iteration for sample size 2 and count 1000000 was [190, 190, 194, 194, 194, 194, 194, 194, 194, 194, 196, 194, 195, 194, 194, 194, 194, 191, 191, 190, 194, 191, 191, 190, 194, 196, 191, 191, 191, 191, 190, 190, 196, 191, 191, 191, 191, 193, 190, 190, 191, 194, 191, 191, 190, 190, 194, 194, 194, 194, 194, 190, 190, 190, 191, 195, 194, 194, 189, 189, 189, 189, 191, 191, 194, 191, 193, 193, 194, 194, 190, 191, 194, 191, 191, 191, 191, 191, 195, 194, 194, 189, 197, 194, 194, 200, 194, 190, 190, 196, 194] and maximum was 200 with average 192.385
Time taken for the complete run was: 22560.656 seconds
Final Q-table length: 38263

Final solution from 90 iteration was of length 199 and the solution itself was:
[2, 37, 5, 7, 13, 55, 54, 46, 47, 48, 39, 58, 49, 51, 22, 1, 52, 141, 96, 138, 166, 251, 213, 79, 244, 253, 75, 78, 71, 101, 119, 35, 38, 210, 181, 142, 127, 136, 107, 76, 173, 111, 205, 234, 176, 249, 246, 60, 10, 155, 129, 124, 122, 171, 170, 200, 106, 102, 254, 238, 140, 177, 162, 29, 57, 161, 217, 74, 150, 168, 105, 153, 228, 203, 240, 233, 68, 87, 250, 31, 18, 169, 187, 62, 72, 114, 63, 70, 219, 186, 120, 112, 131, 195, 188, 17, 33, 183, 202, 229, 224, 193, 191, 167, 232, 231, 223, 216, 132, 197, 182, 59, 9, 185, 143, 172, 175, 235, 73, 139, 159, 199, 194, 256, 252, 90, 99, 25, 24, 239, 164, 190, 165, 93, 64, 82, 157, 137, 149, 163, 156, 180, 104, 6, 40, 237, 248, 226, 211, 81, 69, 94, 100, 147, 207, 115, 134, 109, 108, 20, 53, 236, 97, 117, 133, 189, 222, 242, 95, 66, 65, 146, 151, 121, 215, 23, 8, 174, 84, 103, 125, 227, 220, 118, 110, 192, 158, 212, 77, 123, 113, 50, 42, 243, 152, 116, 91, 86, 230]
The lookahead for each iteration for sample size 2 and count 1000000 was [196, 195, 194, 194, 194, 195, 194, 194, 193, 194, 194, 194, 194, 190, 194, 194, 191, 190, 190, 194, 193, 193, 191, 194, 189, 191, 191, 194, 194, 194, 194, 194, 194, 194, 191, 189, 191, 191, 194, 191, 195, 194, 194, 187, 187, 193, 193, 194, 191, 194, 194, 191, 191, 191, 193, 193, 194, 194, 189, 189, 189, 195, 195, 194, 189, 191, 191, 190, 194, 194, 194, 194, 190, 188, 194, 194, 194, 194, 194, 191, 191, 194, 193, 193, 193, 194, 191, 191] and maximum was 196 with average 192.557
Time taken for the complete run was: 20932.187 seconds
Final Q-table length: 38565

Final solution from 90 iteration was of length 196 and the solution itself was:
[2, 37, 5, 8, 54, 42, 14, 38, 57, 10, 44, 30, 49, 53, 45, 1, 7, 141, 96, 138, 165, 217, 242, 213, 230, 79, 77, 226, 74, 243, 218, 35, 22, 185, 181, 140, 111, 131, 170, 251, 117, 129, 235, 73, 231, 249, 219, 55, 26, 95, 119, 172, 225, 254, 211, 135, 246, 201, 202, 97, 200, 121, 109, 58, 28, 107, 118, 221, 197, 199, 250, 132, 187, 160, 154, 215, 214, 245, 175, 59, 56, 178, 212, 149, 148, 145, 164, 248, 237, 240, 171, 167, 70, 62, 188, 17, 13, 253, 113, 115, 71, 83, 134, 108, 238, 233, 128, 116, 227, 75, 216, 60, 50, 122, 161, 150, 85, 93, 228, 139, 180, 224, 232, 91, 252, 94, 86, 34, 18, 236, 137, 81, 76, 92, 69, 147, 220, 152, 244, 89, 196, 206, 125, 47, 19, 156, 65, 61, 68, 168, 67, 82, 151, 105, 126, 182, 163, 222, 133, 48, 20, 101, 120, 179, 239, 169, 106, 166, 189, 191, 198, 176, 146, 207, 190, 40, 51, 104, 142, 159, 98, 88, 63, 127, 193, 209, 124, 177, 155, 184, 205, 25, 39, 229, 153, 84]
The lookahead for each iteration for sample size 2 and count 1000000 was [191, 194, 194, 194, 194, 194, 194, 194, 195, 194, 194, 194, 191, 191, 190, 191, 191, 195, 194, 194, 194, 194, 194, 194, 194, 191, 191, 191, 194, 194, 194, 190, 190, 194, 194, 194, 191, 190, 190, 197, 190, 188, 191, 191, 189, 189, 194, 191, 191, 194, 193, 194, 194, 194, 194, 194, 193, 190, 194, 194, 188, 188, 193, 194, 194, 194, 194, 194, 190, 190, 191, 194, 190, 194, 194, 191, 193, 193, 194, 190, 191, 191, 190, 194, 191, 193, 193, 194, 193] and maximum was 197 with average 192.506
Time taken for the complete run was: 17150.884 seconds
Final Q-table length: 38885

Final solution from 90 iteration was of length 194 and the solution itself was:
[2, 44, 33, 22, 7, 5, 11, 19, 17, 49, 59, 25, 9, 35, 50, 1, 45, 248, 242, 203, 182, 75, 212, 207, 121, 82, 144, 160, 232, 250, 124, 31, 36, 223, 181, 127, 180, 253, 143, 167, 112, 84, 176, 150, 227, 249, 240, 18, 32, 229, 246, 131, 177, 90, 81, 185, 199, 88, 172, 138, 155, 175, 179, 56, 29, 157, 154, 142, 76, 128, 105, 252, 98, 97, 210, 211, 108, 169, 92, 27, 28, 114, 162, 159, 94, 96, 64, 86, 93, 251, 106, 171, 123, 233, 244, 30, 60, 117, 136, 230, 83, 63, 130, 174, 226, 184, 113, 190, 183, 107, 166, 55, 38, 205, 99, 69, 215, 101, 122, 139, 163, 191, 214, 118, 103, 129, 165, 52, 46, 198, 178, 161, 217, 173, 74, 225, 196, 216, 194, 188, 110, 237, 235, 10, 47, 228, 238, 168, 77, 141, 65, 202, 66, 147, 152, 224, 192, 247, 151, 40, 34, 231, 87, 91, 95, 206, 164, 158, 89, 220, 119, 67, 72, 219, 146, 23, 16, 140, 61, 62, 243, 126, 213, 148, 85, 116, 115, 79, 70, 156, 137, 53, 51, 104]
The lookahead for each iteration for sample size 2 and count 1000000 was [194, 194, 194, 195, 194, 194, 194, 196, 199, 194, 195, 194, 194, 194, 194, 194, 194, 194, 194, 194, 191, 194, 194, 194, 191, 194, 188, 188, 188, 194, 194, 190, 189, 189, 189, 194, 194, 191, 191, 190, 186, 190, 191, 194, 194, 194, 194, 194, 191, 191, 194, 191, 191, 190, 194, 194, 194, 189, 194, 194, 193, 189, 189, 194, 194, 194, 194, 194, 194, 191, 194, 193, 194, 194, 194, 194, 190, 194, 191, 194, 194, 194, 195, 195, 194, 105, 190, 95, 95, 95] and maximum was 199 with average 188.556
Time taken for the complete run was: 12359.418 seconds
Final Q-table length: 39187

Final solution from 90 iteration was of length 196 and the solution itself was:
[2, 38, 51, 18, 49, 58, 50, 12, 48, 45, 14, 43, 25, 9, 29, 4, 5, 75, 126, 226, 79, 205, 132, 183, 103, 134, 194, 243, 240, 74, 82, 16, 57, 225, 181, 182, 137, 148, 218, 177, 123, 239, 191, 189, 203, 249, 94, 34, 55, 248, 129, 128, 84, 215, 202, 85, 111, 136, 212, 92, 201, 238, 87, 46, 23, 227, 210, 190, 78, 164, 229, 88, 247, 196, 214, 89, 121, 236, 253, 47, 33, 186, 72, 66, 200, 151, 117, 63, 222, 206, 219, 108, 102, 158, 174, 42, 41, 93, 61, 142, 166, 251, 230, 122, 154, 207, 167, 179, 86, 81, 168, 11, 53, 235, 76, 173, 110, 125, 223, 139, 138, 70, 96, 160, 149, 192, 114, 15, 35, 90, 162, 109, 115, 244, 245, 157, 172, 153, 144, 221, 220, 171, 175, 8, 56, 95, 145, 228, 209, 211, 80, 65, 141, 77, 68, 112, 116, 140, 99, 60, 13, 204, 118, 233, 237, 71, 216, 147, 106, 124, 159, 150, 152, 67, 62, 30, 22, 195, 133, 250, 105, 69, 252, 156, 231, 197, 198, 185, 184, 135, 165, 52, 40, 242, 193, 187]
The lookahead for each iteration for sample size 2 and count 1000000 was [194, 198, 194, 195, 194, 194, 194, 194, 194, 194, 191, 194, 194, 194, 194, 193, 190, 190, 196, 194, 194, 194, 194, 191, 193, 191, 190, 194, 194, 191, 191, 194, 194, 194, 194, 194, 194, 190, 191, 191, 191, 190, 194, 188, 188, 194, 191, 194, 191, 195, 191, 194, 194, 191, 194, 194, 194, 194, 190, 190, 190, 194, 194, 194, 194, 193, 193, 189, 194, 189, 190, 190, 190, 188, 186, 186, 191, 190, 190, 194, 194, 187, 194, 194, 191, 194, 194, 194, 191, 189] and maximum was 198 with average 192.344
Time taken for the complete run was: 18270.885 seconds
Final Q-table length: 39517

Final solution from 90 iteration was of length 194 and the solution itself was:
[1, 30, 55, 51, 23, 59, 20, 18, 54, 47, 45, 6, 21, 40, 22, 2, 57, 211, 219, 117, 102, 128, 81, 84, 145, 213, 170, 119, 237, 77, 91, 39, 8, 168, 181, 104, 103, 238, 156, 227, 62, 73, 174, 130, 101, 249, 126, 50, 24, 240, 225, 114, 129, 110, 243, 223, 75, 167, 85, 69, 133, 90, 250, 14, 26, 100, 197, 162, 78, 188, 247, 196, 232, 209, 191, 147, 121, 83, 218, 38, 29, 151, 177, 137, 68, 127, 136, 132, 203, 186, 106, 144, 131, 230, 86, 49, 28, 112, 161, 190, 199, 124, 74, 172, 234, 228, 125, 195, 140, 180, 176, 52, 41, 189, 153, 233, 236, 245, 99, 139, 164, 235, 215, 165, 142, 178, 185, 9, 48, 202, 226, 239, 97, 157, 141, 210, 246, 80, 65, 82, 76, 183, 123, 32, 10, 184, 118, 120, 92, 244, 179, 212, 254, 205, 66, 61, 150, 148, 113, 35, 37, 72, 194, 149, 200, 98, 256, 207, 79, 71, 95, 87, 229, 220, 171, 53, 12, 93, 166, 143, 111, 63, 216, 154, 64, 204, 160, 158, 155, 134, 89, 46, 42, 217]
The lookahead for each iteration for sample size 2 and count 1000000 was [191, 191, 194, 194, 196, 191, 195, 194, 194, 194, 194, 191, 194, 194, 194, 194, 190, 190, 190, 194, 193, 194, 194, 194, 197, 194, 191, 191, 190, 190, 191, 191, 190, 191, 191, 191, 194, 194, 194, 194, 194, 191, 191, 191, 194, 194, 196, 196, 194, 191, 191, 189, 191, 190, 194, 193, 191, 191, 191, 194, 194, 190, 191, 191, 194, 194, 194, 190, 194, 191, 191, 194, 194, 194, 194, 194, 194, 188, 191, 191, 193, 193, 194, 194, 190, 190, 189, 189, 194, 194, 194] and maximum was 197 with average 192.495
Time taken for the complete run was: 47811.048 seconds
Final Q-table length: 39852

Final solution from 90 iteration was of length 197 and the solution itself was:
[3, 31, 18, 60, 28, 27, 36, 45, 9, 26, 17, 55, 49, 59, 24, 2, 6, 124, 240, 163, 105, 81, 151, 251, 209, 71, 195, 157, 65, 247, 239, 41, 42, 74, 181, 182, 175, 150, 153, 134, 101, 227, 172, 155, 156, 249, 256, 33, 14, 96, 212, 221, 160, 232, 246, 215, 102, 110, 142, 82, 170, 177, 133, 15, 57, 205, 196, 100, 64, 91, 109, 167, 220, 185, 176, 77, 179, 244, 211, 10, 35, 78, 243, 126, 213, 94, 67, 152, 184, 210, 224, 233, 141, 137, 217, 43, 56, 93, 248, 121, 207, 216, 164, 161, 162, 190, 114, 123, 206, 69, 84, 16, 38, 200, 253, 199, 236, 238, 228, 139, 144, 169, 234, 171, 187, 92, 86, 34, 54, 193, 180, 122, 112, 130, 106, 149, 132, 104, 154, 61, 85, 168, 116, 39, 30, 115, 113, 136, 222, 120, 174, 192, 191, 63, 117, 97, 203, 128, 127, 52, 44, 237, 165, 111, 250, 129, 214, 145, 147, 66, 72, 73, 76, 118, 204, 13, 21, 235, 108, 119, 230, 83, 87, 90, 245, 166, 140, 223, 75, 148, 143, 58, 40, 226, 225, 80, 98]
The lookahead for each iteration for sample size 2 and count 1000000 was [191, 191, 194, 194, 194, 194, 194, 194, 194, 193, 194, 195, 194, 194, 190, 194, 194, 188, 188, 194, 194, 194, 190, 190, 194, 191, 190, 189, 189, 189, 194, 194, 194, 194, 194, 194, 194, 191, 191, 195, 189, 194, 194, 194, 194, 194, 190, 190, 195, 196, 194, 195, 191, 194, 194, 194, 194, 191, 191, 188, 191, 193, 191, 191, 194, 191, 191, 191, 194, 194, 194, 194, 194, 194, 194, 190, 190, 194, 194, 194, 194, 191, 191, 191, 194, 191, 191, 194, 194, 190, 190] and maximum was 196 with average 192.560
Time taken for the complete run was: 38252.740 seconds
Final Q-table length: 40173

200+ solution reached of 
[2, 43, 18, 50, 12, 37, 9, 30, 51, 16, 33, 15, 11, 17, 60, 4, 5, 92, 169, 106, 179, 140, 223, 224, 123, 84, 86, 102, 101, 111, 125, 22, 42, 209, 181, 167, 212, 138, 104, 109, 133, 100, 96, 220, 115, 249, 126, 6, 54, 145, 162, 163, 211, 152, 117, 180, 128, 99, 88, 65, 155, 236, 240, 25, 39, 67, 87, 136, 135, 228, 251, 170, 150, 142, 124, 68, 93, 217, 79, 10, 21, 121, 216, 214, 215, 237, 108, 159, 230, 178, 103, 127, 186, 120, 63, 38, 20, 191, 221, 194, 95, 253, 122, 161, 254, 232, 242, 250, 74, 89, 107, 56, 40, 189, 246, 225, 73, 234, 172, 139, 171, 229, 151, 81, 77, 112, 200, 34, 46, 197, 247, 173, 192, 203, 204, 66, 70, 207, 69, 61, 176, 119, 196, 44, 47, 75, 76, 166, 98, 206, 198, 183, 205, 218, 252, 85, 185, 190, 202, 35, 53, 210, 233, 235, 80, 144, 174, 231, 219, 129, 90, 177, 83, 193, 188, 59, 8, 182, 245, 157, 164, 156, 243, 239, 97, 134, 82, 148, 71, 116, 132, 23, 52, 131, 114, 187, 222, 78, 62, 195]
Final solution from 90 iteration was of length 191 and the solution itself was:
[2, 43, 18, 50, 12, 37, 13, 54, 41, 36, 42, 6, 19, 16, 32, 4, 22, 149, 118, 101, 179, 160, 126, 114, 190, 117, 163, 136, 171, 142, 122, 15, 40, 150, 181, 85, 99, 144, 168, 223, 229, 123, 84, 143, 178, 249, 80, 10, 14, 182, 109, 127, 154, 153, 77, 91, 224, 62, 61, 65, 64, 93, 76, 44, 24, 236, 121, 133, 161, 74, 92, 200, 192, 81, 159, 251, 105, 130, 162, 35, 11, 226, 188, 203, 107, 111, 232, 209, 243, 234, 90, 73, 247, 202, 66, 49, 45, 83, 177, 231, 186, 185, 132, 106, 218, 129, 113, 230, 201, 211, 184, 53, 47, 95, 165, 219, 204, 228, 166, 139, 158, 71, 96, 254, 199, 244, 207, 38, 34, 86, 63, 135, 248, 134, 256, 197, 124, 115, 187, 103, 131, 170, 213, 56, 28, 119, 128, 216, 174, 108, 240, 198, 120, 67, 148, 112, 242, 235, 94, 26, 29, 137, 233, 189, 245, 151, 169, 176, 157, 82, 138, 89, 98, 239, 195, 23, 60, 69, 97, 193, 175, 141, 221, 196, 145, 156, 140, 104, 125, 110, 183]
The lookahead for each iteration for sample size 2 and count 1000000 was [194, 194, 194, 195, 200, 195, 194, 194, 195, 194, 194, 199, 194, 194, 194, 194, 194, 194, 194, 189, 189, 189, 194, 189, 194, 191, 198, 194, 194, 194, 194, 189, 194, 194, 194, 191, 194, 194, 194, 194, 190, 195, 194, 189, 189, 191, 191, 194, 194, 194, 194, 194, 190, 189, 191, 190, 194, 194, 194, 191, 191, 191, 191, 194, 191, 191, 194, 191, 194, 194, 194, 194, 194, 194, 194, 194, 194, 191, 191, 195, 194, 191, 194, 190, 191, 191, 191, 191, 191, 191] and maximum was 200 with average 192.900
Time taken for the complete run was: 38258.673 seconds
Final Q-table length: 40480

Final solution from 90 iteration was of length 196 and the solution itself was:
[2, 39, 58, 54, 47, 37, 9, 31, 20, 19, 24, 8, 56, 35, 50, 1, 42, 168, 128, 134, 230, 161, 229, 239, 192, 243, 253, 109, 106, 212, 63, 28, 10, 172, 181, 104, 136, 143, 137, 240, 110, 105, 242, 185, 85, 249, 88, 32, 52, 131, 133, 111, 196, 227, 152, 219, 218, 155, 187, 203, 96, 135, 98, 33, 30, 158, 147, 84, 95, 116, 67, 82, 78, 207, 121, 193, 182, 107, 159, 16, 60, 202, 200, 169, 170, 228, 93, 156, 71, 167, 115, 91, 232, 141, 138, 29, 55, 235, 251, 222, 154, 81, 77, 176, 87, 177, 245, 89, 216, 146, 215, 36, 17, 76, 83, 209, 225, 72, 68, 139, 164, 114, 223, 140, 99, 69, 73, 44, 51, 101, 252, 231, 224, 190, 233, 210, 184, 113, 220, 163, 74, 179, 75, 26, 13, 125, 120, 124, 199, 130, 123, 148, 145, 162, 191, 211, 254, 122, 214, 23, 45, 238, 118, 132, 183, 213, 90, 61, 165, 205, 247, 244, 201, 129, 70, 49, 14, 250, 217, 237, 236, 112, 117, 100, 206, 188, 246, 171, 189, 234, 180, 57, 7, 142, 150, 153]
The lookahead for each iteration for sample size 2 and count 1000000 was [190, 194, 194, 194, 195, 194, 195, 194, 198, 194, 194, 193, 194, 191, 194, 194, 194, 191, 191, 190, 194, 190, 194, 194, 194, 189, 189, 190, 191, 191, 191, 191, 191, 194, 194, 194, 191, 194, 194, 190, 189, 194, 188, 190, 194, 194, 194, 194, 194, 194, 194, 194, 194, 194, 194, 190, 191, 194, 189, 189, 189, 194, 194, 191, 196, 191, 189, 194, 191, 194, 194, 189, 195, 194, 194, 188, 188, 194, 189, 189, 197, 189, 194, 191, 194, 191, 196, 191, 190, 188, 189] and maximum was 198 with average 192.341
Time taken for the complete run was: 42659.582 seconds
Final Q-table length: 40811

Final solution from 90 iteration was of length 194 and the solution itself was:
[2, 37, 5, 6, 22, 10, 38, 60, 29, 33, 20, 17, 50, 8, 51, 3, 52, 141, 96, 113, 87, 70, 191, 196, 146, 75, 225, 133, 134, 108, 63, 26, 23, 185, 181, 68, 161, 167, 145, 72, 67, 62, 227, 101, 116, 249, 219, 21, 19, 190, 238, 82, 158, 193, 251, 95, 110, 195, 125, 120, 109, 90, 230, 47, 31, 211, 176, 143, 253, 201, 69, 84, 76, 188, 111, 163, 159, 94, 250, 46, 41, 189, 234, 129, 106, 216, 98, 228, 236, 79, 91, 224, 229, 83, 92, 40, 34, 200, 212, 207, 171, 178, 244, 168, 226, 209, 179, 130, 136, 114, 198, 18, 27, 97, 248, 164, 162, 85, 115, 139, 142, 170, 175, 132, 192, 73, 88, 49, 32, 245, 215, 205, 80, 78, 127, 138, 148, 202, 154, 149, 247, 151, 242, 55, 16, 155, 157, 177, 89, 221, 203, 169, 118, 128, 117, 222, 256, 147, 213, 56, 43, 105, 65, 99, 182, 172, 243, 217, 124, 126, 232, 144, 166, 156, 218, 35, 48, 103, 121, 197, 153, 61, 74, 112, 131, 107, 86, 81, 183, 184, 220, 58, 54, 235]
The lookahead for each iteration for sample size 2 and count 1000000 was [196, 196, 194, 194, 191, 194, 194, 194, 195, 196, 194, 194, 194, 188, 189, 189, 194, 194, 194, 190, 194, 194, 189, 197, 190, 194, 194, 194, 189, 191, 194, 194, 194, 194, 194, 194, 196, 196, 189, 188, 194, 190, 190, 191, 191, 194, 194, 191, 194, 194, 193, 193, 195, 189, 190, 194, 194, 194, 194, 194, 194, 194, 194, 189, 195, 195, 194, 189, 194, 190, 190, 190, 189, 191, 190, 189, 189, 196, 196, 196, 190, 191, 193, 194, 191, 194, 190, 190] and maximum was 197 with average 192.648
Time taken for the complete run was: 33678.311 seconds
Final Q-table length: 41115

